{
 "cells": [
  {
   "cell_type": "markdown",
   "metadata": {},
   "source": [
    "### Importing variables"
   ]
  },
  {
   "cell_type": "code",
   "execution_count": 1,
   "metadata": {},
   "outputs": [
    {
     "name": "stderr",
     "output_type": "stream",
     "text": [
      "C:\\Users\\N.VISHWANATH\\Anaconda3\\lib\\site-packages\\statsmodels\\tools\\_testing.py:19: FutureWarning: pandas.util.testing is deprecated. Use the functions in the public API at pandas.testing instead.\n",
      "  import pandas.util.testing as tm\n"
     ]
    }
   ],
   "source": [
    "import numpy as np\n",
    "import pandas as pd\n",
    "import sklearn\n",
    "import matplotlib.pyplot as plt\n",
    "import seaborn as sns\n",
    "from sklearn.preprocessing import StandardScaler\n",
    "from sklearn.metrics import r2_score\n",
    "from sklearn.linear_model import LinearRegression\n",
    "import statsmodels.api as stm\n",
    "from pandas_profiling import ProfileReport"
   ]
  },
  {
   "cell_type": "code",
   "execution_count": 2,
   "metadata": {},
   "outputs": [],
   "source": [
    "import os\n",
    "os.chdir(r'G:\\Praxis\\ML\\material\\csv files\\term 1 assmt')"
   ]
  },
  {
   "cell_type": "code",
   "execution_count": 4,
   "metadata": {},
   "outputs": [],
   "source": [
    "prize = pd.read_csv('wk3_kc_house_train_data.csv')\n",
    "prize_test = pd.read_csv('wk3_kc_house_test_data.csv')\n",
    "prize_validate = pd.read_csv('wk3_kc_house_valid_data.csv')"
   ]
  },
  {
   "cell_type": "markdown",
   "metadata": {},
   "source": [
    "## Infer the below Statistic"
   ]
  },
  {
   "cell_type": "code",
   "execution_count": 4,
   "metadata": {
    "scrolled": true
   },
   "outputs": [
    {
     "data": {
      "text/html": [
       "<div>\n",
       "<style scoped>\n",
       "    .dataframe tbody tr th:only-of-type {\n",
       "        vertical-align: middle;\n",
       "    }\n",
       "\n",
       "    .dataframe tbody tr th {\n",
       "        vertical-align: top;\n",
       "    }\n",
       "\n",
       "    .dataframe thead th {\n",
       "        text-align: right;\n",
       "    }\n",
       "</style>\n",
       "<table border=\"1\" class=\"dataframe\">\n",
       "  <thead>\n",
       "    <tr style=\"text-align: right;\">\n",
       "      <th></th>\n",
       "      <th>id</th>\n",
       "      <th>price</th>\n",
       "      <th>bedrooms</th>\n",
       "      <th>bathrooms</th>\n",
       "      <th>sqft_living</th>\n",
       "      <th>sqft_lot</th>\n",
       "      <th>floors</th>\n",
       "      <th>waterfront</th>\n",
       "      <th>view</th>\n",
       "      <th>condition</th>\n",
       "      <th>grade</th>\n",
       "      <th>sqft_above</th>\n",
       "      <th>sqft_basement</th>\n",
       "      <th>yr_built</th>\n",
       "      <th>yr_renovated</th>\n",
       "      <th>zipcode</th>\n",
       "      <th>lat</th>\n",
       "      <th>long</th>\n",
       "      <th>sqft_living15</th>\n",
       "      <th>sqft_lot15</th>\n",
       "    </tr>\n",
       "  </thead>\n",
       "  <tbody>\n",
       "    <tr>\n",
       "      <th>count</th>\n",
       "      <td>9.761000e+03</td>\n",
       "      <td>9.761000e+03</td>\n",
       "      <td>9761.000000</td>\n",
       "      <td>9761.000000</td>\n",
       "      <td>9761.000000</td>\n",
       "      <td>9.761000e+03</td>\n",
       "      <td>9761.000000</td>\n",
       "      <td>9761.000000</td>\n",
       "      <td>9761.000000</td>\n",
       "      <td>9761.000000</td>\n",
       "      <td>9761.00000</td>\n",
       "      <td>9761.000000</td>\n",
       "      <td>9761.000000</td>\n",
       "      <td>9761.000000</td>\n",
       "      <td>9761.000000</td>\n",
       "      <td>9761.000000</td>\n",
       "      <td>9761.000000</td>\n",
       "      <td>9761.000000</td>\n",
       "      <td>9761.000000</td>\n",
       "      <td>9761.000000</td>\n",
       "    </tr>\n",
       "    <tr>\n",
       "      <th>mean</th>\n",
       "      <td>4.605288e+09</td>\n",
       "      <td>5.428336e+05</td>\n",
       "      <td>3.375884</td>\n",
       "      <td>2.117175</td>\n",
       "      <td>2086.734146</td>\n",
       "      <td>1.521526e+04</td>\n",
       "      <td>1.486067</td>\n",
       "      <td>0.008401</td>\n",
       "      <td>0.248028</td>\n",
       "      <td>3.415531</td>\n",
       "      <td>7.66151</td>\n",
       "      <td>1793.291159</td>\n",
       "      <td>293.442987</td>\n",
       "      <td>1970.799508</td>\n",
       "      <td>86.066592</td>\n",
       "      <td>98077.790185</td>\n",
       "      <td>47.560052</td>\n",
       "      <td>-122.214322</td>\n",
       "      <td>1992.359697</td>\n",
       "      <td>12824.785165</td>\n",
       "    </tr>\n",
       "    <tr>\n",
       "      <th>std</th>\n",
       "      <td>2.876044e+09</td>\n",
       "      <td>3.797779e+05</td>\n",
       "      <td>0.960697</td>\n",
       "      <td>0.773971</td>\n",
       "      <td>927.194303</td>\n",
       "      <td>4.126673e+04</td>\n",
       "      <td>0.532317</td>\n",
       "      <td>0.091275</td>\n",
       "      <td>0.787877</td>\n",
       "      <td>0.650552</td>\n",
       "      <td>1.18268</td>\n",
       "      <td>835.763817</td>\n",
       "      <td>442.612722</td>\n",
       "      <td>29.240009</td>\n",
       "      <td>405.417369</td>\n",
       "      <td>53.203594</td>\n",
       "      <td>0.140236</td>\n",
       "      <td>0.139895</td>\n",
       "      <td>687.322247</td>\n",
       "      <td>26518.337402</td>\n",
       "    </tr>\n",
       "    <tr>\n",
       "      <th>min</th>\n",
       "      <td>1.200019e+06</td>\n",
       "      <td>8.000000e+04</td>\n",
       "      <td>0.000000</td>\n",
       "      <td>0.000000</td>\n",
       "      <td>290.000000</td>\n",
       "      <td>5.200000e+02</td>\n",
       "      <td>1.000000</td>\n",
       "      <td>0.000000</td>\n",
       "      <td>0.000000</td>\n",
       "      <td>1.000000</td>\n",
       "      <td>1.00000</td>\n",
       "      <td>290.000000</td>\n",
       "      <td>0.000000</td>\n",
       "      <td>1900.000000</td>\n",
       "      <td>0.000000</td>\n",
       "      <td>98001.000000</td>\n",
       "      <td>47.155900</td>\n",
       "      <td>-122.514000</td>\n",
       "      <td>620.000000</td>\n",
       "      <td>660.000000</td>\n",
       "    </tr>\n",
       "    <tr>\n",
       "      <th>25%</th>\n",
       "      <td>2.126049e+09</td>\n",
       "      <td>3.200000e+05</td>\n",
       "      <td>3.000000</td>\n",
       "      <td>1.750000</td>\n",
       "      <td>1420.000000</td>\n",
       "      <td>5.100000e+03</td>\n",
       "      <td>1.000000</td>\n",
       "      <td>0.000000</td>\n",
       "      <td>0.000000</td>\n",
       "      <td>3.000000</td>\n",
       "      <td>7.00000</td>\n",
       "      <td>1190.000000</td>\n",
       "      <td>0.000000</td>\n",
       "      <td>1951.000000</td>\n",
       "      <td>0.000000</td>\n",
       "      <td>98033.000000</td>\n",
       "      <td>47.467800</td>\n",
       "      <td>-122.327000</td>\n",
       "      <td>1490.000000</td>\n",
       "      <td>5160.000000</td>\n",
       "    </tr>\n",
       "    <tr>\n",
       "      <th>50%</th>\n",
       "      <td>3.905041e+09</td>\n",
       "      <td>4.500000e+05</td>\n",
       "      <td>3.000000</td>\n",
       "      <td>2.250000</td>\n",
       "      <td>1910.000000</td>\n",
       "      <td>7.642000e+03</td>\n",
       "      <td>1.500000</td>\n",
       "      <td>0.000000</td>\n",
       "      <td>0.000000</td>\n",
       "      <td>3.000000</td>\n",
       "      <td>7.00000</td>\n",
       "      <td>1570.000000</td>\n",
       "      <td>0.000000</td>\n",
       "      <td>1975.000000</td>\n",
       "      <td>0.000000</td>\n",
       "      <td>98065.000000</td>\n",
       "      <td>47.572200</td>\n",
       "      <td>-122.229000</td>\n",
       "      <td>1840.000000</td>\n",
       "      <td>7660.000000</td>\n",
       "    </tr>\n",
       "    <tr>\n",
       "      <th>75%</th>\n",
       "      <td>7.338403e+09</td>\n",
       "      <td>6.490000e+05</td>\n",
       "      <td>4.000000</td>\n",
       "      <td>2.500000</td>\n",
       "      <td>2570.000000</td>\n",
       "      <td>1.066000e+04</td>\n",
       "      <td>2.000000</td>\n",
       "      <td>0.000000</td>\n",
       "      <td>0.000000</td>\n",
       "      <td>4.000000</td>\n",
       "      <td>8.00000</td>\n",
       "      <td>2230.000000</td>\n",
       "      <td>570.000000</td>\n",
       "      <td>1996.000000</td>\n",
       "      <td>0.000000</td>\n",
       "      <td>98117.000000</td>\n",
       "      <td>47.680400</td>\n",
       "      <td>-122.126000</td>\n",
       "      <td>2370.000000</td>\n",
       "      <td>10113.000000</td>\n",
       "    </tr>\n",
       "    <tr>\n",
       "      <th>max</th>\n",
       "      <td>9.900000e+09</td>\n",
       "      <td>7.700000e+06</td>\n",
       "      <td>33.000000</td>\n",
       "      <td>8.000000</td>\n",
       "      <td>12050.000000</td>\n",
       "      <td>1.651359e+06</td>\n",
       "      <td>3.500000</td>\n",
       "      <td>1.000000</td>\n",
       "      <td>4.000000</td>\n",
       "      <td>5.000000</td>\n",
       "      <td>13.00000</td>\n",
       "      <td>8860.000000</td>\n",
       "      <td>3480.000000</td>\n",
       "      <td>2015.000000</td>\n",
       "      <td>2015.000000</td>\n",
       "      <td>98199.000000</td>\n",
       "      <td>47.777600</td>\n",
       "      <td>-121.319000</td>\n",
       "      <td>5790.000000</td>\n",
       "      <td>560617.000000</td>\n",
       "    </tr>\n",
       "  </tbody>\n",
       "</table>\n",
       "</div>"
      ],
      "text/plain": [
       "                 id         price     bedrooms    bathrooms   sqft_living  \\\n",
       "count  9.761000e+03  9.761000e+03  9761.000000  9761.000000   9761.000000   \n",
       "mean   4.605288e+09  5.428336e+05     3.375884     2.117175   2086.734146   \n",
       "std    2.876044e+09  3.797779e+05     0.960697     0.773971    927.194303   \n",
       "min    1.200019e+06  8.000000e+04     0.000000     0.000000    290.000000   \n",
       "25%    2.126049e+09  3.200000e+05     3.000000     1.750000   1420.000000   \n",
       "50%    3.905041e+09  4.500000e+05     3.000000     2.250000   1910.000000   \n",
       "75%    7.338403e+09  6.490000e+05     4.000000     2.500000   2570.000000   \n",
       "max    9.900000e+09  7.700000e+06    33.000000     8.000000  12050.000000   \n",
       "\n",
       "           sqft_lot       floors   waterfront         view    condition  \\\n",
       "count  9.761000e+03  9761.000000  9761.000000  9761.000000  9761.000000   \n",
       "mean   1.521526e+04     1.486067     0.008401     0.248028     3.415531   \n",
       "std    4.126673e+04     0.532317     0.091275     0.787877     0.650552   \n",
       "min    5.200000e+02     1.000000     0.000000     0.000000     1.000000   \n",
       "25%    5.100000e+03     1.000000     0.000000     0.000000     3.000000   \n",
       "50%    7.642000e+03     1.500000     0.000000     0.000000     3.000000   \n",
       "75%    1.066000e+04     2.000000     0.000000     0.000000     4.000000   \n",
       "max    1.651359e+06     3.500000     1.000000     4.000000     5.000000   \n",
       "\n",
       "            grade   sqft_above  sqft_basement     yr_built  yr_renovated  \\\n",
       "count  9761.00000  9761.000000    9761.000000  9761.000000   9761.000000   \n",
       "mean      7.66151  1793.291159     293.442987  1970.799508     86.066592   \n",
       "std       1.18268   835.763817     442.612722    29.240009    405.417369   \n",
       "min       1.00000   290.000000       0.000000  1900.000000      0.000000   \n",
       "25%       7.00000  1190.000000       0.000000  1951.000000      0.000000   \n",
       "50%       7.00000  1570.000000       0.000000  1975.000000      0.000000   \n",
       "75%       8.00000  2230.000000     570.000000  1996.000000      0.000000   \n",
       "max      13.00000  8860.000000    3480.000000  2015.000000   2015.000000   \n",
       "\n",
       "            zipcode          lat         long  sqft_living15     sqft_lot15  \n",
       "count   9761.000000  9761.000000  9761.000000    9761.000000    9761.000000  \n",
       "mean   98077.790185    47.560052  -122.214322    1992.359697   12824.785165  \n",
       "std       53.203594     0.140236     0.139895     687.322247   26518.337402  \n",
       "min    98001.000000    47.155900  -122.514000     620.000000     660.000000  \n",
       "25%    98033.000000    47.467800  -122.327000    1490.000000    5160.000000  \n",
       "50%    98065.000000    47.572200  -122.229000    1840.000000    7660.000000  \n",
       "75%    98117.000000    47.680400  -122.126000    2370.000000   10113.000000  \n",
       "max    98199.000000    47.777600  -121.319000    5790.000000  560617.000000  "
      ]
     },
     "execution_count": 4,
     "metadata": {},
     "output_type": "execute_result"
    }
   ],
   "source": [
    "prize.describe()"
   ]
  },
  {
   "cell_type": "code",
   "execution_count": 5,
   "metadata": {},
   "outputs": [
    {
     "data": {
      "text/html": [
       "<div>\n",
       "<style scoped>\n",
       "    .dataframe tbody tr th:only-of-type {\n",
       "        vertical-align: middle;\n",
       "    }\n",
       "\n",
       "    .dataframe tbody tr th {\n",
       "        vertical-align: top;\n",
       "    }\n",
       "\n",
       "    .dataframe thead th {\n",
       "        text-align: right;\n",
       "    }\n",
       "</style>\n",
       "<table border=\"1\" class=\"dataframe\">\n",
       "  <thead>\n",
       "    <tr style=\"text-align: right;\">\n",
       "      <th></th>\n",
       "      <th>id</th>\n",
       "      <th>price</th>\n",
       "      <th>bedrooms</th>\n",
       "      <th>bathrooms</th>\n",
       "      <th>sqft_living</th>\n",
       "      <th>sqft_lot</th>\n",
       "      <th>floors</th>\n",
       "      <th>waterfront</th>\n",
       "      <th>view</th>\n",
       "      <th>condition</th>\n",
       "      <th>grade</th>\n",
       "      <th>sqft_above</th>\n",
       "      <th>sqft_basement</th>\n",
       "      <th>yr_built</th>\n",
       "      <th>yr_renovated</th>\n",
       "      <th>zipcode</th>\n",
       "      <th>lat</th>\n",
       "      <th>long</th>\n",
       "      <th>sqft_living15</th>\n",
       "      <th>sqft_lot15</th>\n",
       "    </tr>\n",
       "  </thead>\n",
       "  <tbody>\n",
       "    <tr>\n",
       "      <th>id</th>\n",
       "      <td>1.000000</td>\n",
       "      <td>-0.006011</td>\n",
       "      <td>-0.002571</td>\n",
       "      <td>0.005821</td>\n",
       "      <td>-0.007559</td>\n",
       "      <td>-0.130303</td>\n",
       "      <td>0.007793</td>\n",
       "      <td>0.000834</td>\n",
       "      <td>0.023355</td>\n",
       "      <td>-0.015321</td>\n",
       "      <td>0.012491</td>\n",
       "      <td>-0.006447</td>\n",
       "      <td>-0.003660</td>\n",
       "      <td>0.027053</td>\n",
       "      <td>-0.024900</td>\n",
       "      <td>-0.012130</td>\n",
       "      <td>0.009167</td>\n",
       "      <td>0.034395</td>\n",
       "      <td>-0.001315</td>\n",
       "      <td>-0.137562</td>\n",
       "    </tr>\n",
       "    <tr>\n",
       "      <th>price</th>\n",
       "      <td>-0.006011</td>\n",
       "      <td>1.000000</td>\n",
       "      <td>0.300777</td>\n",
       "      <td>0.527512</td>\n",
       "      <td>0.705044</td>\n",
       "      <td>0.094146</td>\n",
       "      <td>0.262955</td>\n",
       "      <td>0.274953</td>\n",
       "      <td>0.399711</td>\n",
       "      <td>0.044754</td>\n",
       "      <td>0.665594</td>\n",
       "      <td>0.611450</td>\n",
       "      <td>0.322369</td>\n",
       "      <td>0.051737</td>\n",
       "      <td>0.120439</td>\n",
       "      <td>-0.055619</td>\n",
       "      <td>0.299191</td>\n",
       "      <td>0.023718</td>\n",
       "      <td>0.584829</td>\n",
       "      <td>0.077960</td>\n",
       "    </tr>\n",
       "    <tr>\n",
       "      <th>bedrooms</th>\n",
       "      <td>-0.002571</td>\n",
       "      <td>0.300777</td>\n",
       "      <td>1.000000</td>\n",
       "      <td>0.506070</td>\n",
       "      <td>0.560989</td>\n",
       "      <td>0.028895</td>\n",
       "      <td>0.181042</td>\n",
       "      <td>-0.006803</td>\n",
       "      <td>0.079863</td>\n",
       "      <td>0.036135</td>\n",
       "      <td>0.342305</td>\n",
       "      <td>0.462514</td>\n",
       "      <td>0.301829</td>\n",
       "      <td>0.155102</td>\n",
       "      <td>0.018625</td>\n",
       "      <td>-0.148339</td>\n",
       "      <td>-0.010547</td>\n",
       "      <td>0.117168</td>\n",
       "      <td>0.376457</td>\n",
       "      <td>0.018149</td>\n",
       "    </tr>\n",
       "    <tr>\n",
       "      <th>bathrooms</th>\n",
       "      <td>0.005821</td>\n",
       "      <td>0.527512</td>\n",
       "      <td>0.506070</td>\n",
       "      <td>1.000000</td>\n",
       "      <td>0.758930</td>\n",
       "      <td>0.079435</td>\n",
       "      <td>0.501899</td>\n",
       "      <td>0.061483</td>\n",
       "      <td>0.182988</td>\n",
       "      <td>-0.115382</td>\n",
       "      <td>0.660925</td>\n",
       "      <td>0.692911</td>\n",
       "      <td>0.281433</td>\n",
       "      <td>0.499589</td>\n",
       "      <td>0.044756</td>\n",
       "      <td>-0.201454</td>\n",
       "      <td>0.018453</td>\n",
       "      <td>0.217697</td>\n",
       "      <td>0.566076</td>\n",
       "      <td>0.068722</td>\n",
       "    </tr>\n",
       "    <tr>\n",
       "      <th>sqft_living</th>\n",
       "      <td>-0.007559</td>\n",
       "      <td>0.705044</td>\n",
       "      <td>0.560989</td>\n",
       "      <td>0.758930</td>\n",
       "      <td>1.000000</td>\n",
       "      <td>0.162786</td>\n",
       "      <td>0.366219</td>\n",
       "      <td>0.097203</td>\n",
       "      <td>0.285735</td>\n",
       "      <td>-0.047938</td>\n",
       "      <td>0.764819</td>\n",
       "      <td>0.878989</td>\n",
       "      <td>0.435069</td>\n",
       "      <td>0.322723</td>\n",
       "      <td>0.043627</td>\n",
       "      <td>-0.203761</td>\n",
       "      <td>0.054830</td>\n",
       "      <td>0.240170</td>\n",
       "      <td>0.758081</td>\n",
       "      <td>0.163545</td>\n",
       "    </tr>\n",
       "    <tr>\n",
       "      <th>sqft_lot</th>\n",
       "      <td>-0.130303</td>\n",
       "      <td>0.094146</td>\n",
       "      <td>0.028895</td>\n",
       "      <td>0.079435</td>\n",
       "      <td>0.162786</td>\n",
       "      <td>1.000000</td>\n",
       "      <td>-0.003543</td>\n",
       "      <td>0.029420</td>\n",
       "      <td>0.099221</td>\n",
       "      <td>-0.008722</td>\n",
       "      <td>0.115611</td>\n",
       "      <td>0.180913</td>\n",
       "      <td>-0.000601</td>\n",
       "      <td>0.054043</td>\n",
       "      <td>0.001219</td>\n",
       "      <td>-0.126091</td>\n",
       "      <td>-0.092245</td>\n",
       "      <td>0.224524</td>\n",
       "      <td>0.145285</td>\n",
       "      <td>0.719922</td>\n",
       "    </tr>\n",
       "    <tr>\n",
       "      <th>floors</th>\n",
       "      <td>0.007793</td>\n",
       "      <td>0.262955</td>\n",
       "      <td>0.181042</td>\n",
       "      <td>0.501899</td>\n",
       "      <td>0.366219</td>\n",
       "      <td>-0.003543</td>\n",
       "      <td>1.000000</td>\n",
       "      <td>0.022443</td>\n",
       "      <td>0.031938</td>\n",
       "      <td>-0.265390</td>\n",
       "      <td>0.461545</td>\n",
       "      <td>0.534801</td>\n",
       "      <td>-0.242675</td>\n",
       "      <td>0.481926</td>\n",
       "      <td>0.013655</td>\n",
       "      <td>-0.064479</td>\n",
       "      <td>0.044827</td>\n",
       "      <td>0.134683</td>\n",
       "      <td>0.289238</td>\n",
       "      <td>-0.013269</td>\n",
       "    </tr>\n",
       "    <tr>\n",
       "      <th>waterfront</th>\n",
       "      <td>0.000834</td>\n",
       "      <td>0.274953</td>\n",
       "      <td>-0.006803</td>\n",
       "      <td>0.061483</td>\n",
       "      <td>0.097203</td>\n",
       "      <td>0.029420</td>\n",
       "      <td>0.022443</td>\n",
       "      <td>1.000000</td>\n",
       "      <td>0.402725</td>\n",
       "      <td>0.024030</td>\n",
       "      <td>0.088039</td>\n",
       "      <td>0.064297</td>\n",
       "      <td>0.082214</td>\n",
       "      <td>-0.027010</td>\n",
       "      <td>0.101684</td>\n",
       "      <td>0.023656</td>\n",
       "      <td>-0.009410</td>\n",
       "      <td>-0.039227</td>\n",
       "      <td>0.097196</td>\n",
       "      <td>0.028499</td>\n",
       "    </tr>\n",
       "    <tr>\n",
       "      <th>view</th>\n",
       "      <td>0.023355</td>\n",
       "      <td>0.399711</td>\n",
       "      <td>0.079863</td>\n",
       "      <td>0.182988</td>\n",
       "      <td>0.285735</td>\n",
       "      <td>0.099221</td>\n",
       "      <td>0.031938</td>\n",
       "      <td>0.402725</td>\n",
       "      <td>1.000000</td>\n",
       "      <td>0.059969</td>\n",
       "      <td>0.258123</td>\n",
       "      <td>0.170286</td>\n",
       "      <td>0.277021</td>\n",
       "      <td>-0.056361</td>\n",
       "      <td>0.109750</td>\n",
       "      <td>0.075834</td>\n",
       "      <td>0.005503</td>\n",
       "      <td>-0.074630</td>\n",
       "      <td>0.292435</td>\n",
       "      <td>0.079904</td>\n",
       "    </tr>\n",
       "    <tr>\n",
       "      <th>condition</th>\n",
       "      <td>-0.015321</td>\n",
       "      <td>0.044754</td>\n",
       "      <td>0.036135</td>\n",
       "      <td>-0.115382</td>\n",
       "      <td>-0.047938</td>\n",
       "      <td>-0.008722</td>\n",
       "      <td>-0.265390</td>\n",
       "      <td>0.024030</td>\n",
       "      <td>0.059969</td>\n",
       "      <td>1.000000</td>\n",
       "      <td>-0.133313</td>\n",
       "      <td>-0.153713</td>\n",
       "      <td>0.189828</td>\n",
       "      <td>-0.357396</td>\n",
       "      <td>-0.055525</td>\n",
       "      <td>0.003410</td>\n",
       "      <td>-0.017622</td>\n",
       "      <td>-0.106514</td>\n",
       "      <td>-0.080423</td>\n",
       "      <td>0.002253</td>\n",
       "    </tr>\n",
       "    <tr>\n",
       "      <th>grade</th>\n",
       "      <td>0.012491</td>\n",
       "      <td>0.665594</td>\n",
       "      <td>0.342305</td>\n",
       "      <td>0.660925</td>\n",
       "      <td>0.764819</td>\n",
       "      <td>0.115611</td>\n",
       "      <td>0.461545</td>\n",
       "      <td>0.088039</td>\n",
       "      <td>0.258123</td>\n",
       "      <td>-0.133313</td>\n",
       "      <td>1.000000</td>\n",
       "      <td>0.756226</td>\n",
       "      <td>0.174216</td>\n",
       "      <td>0.447817</td>\n",
       "      <td>0.013053</td>\n",
       "      <td>-0.187340</td>\n",
       "      <td>0.107977</td>\n",
       "      <td>0.201114</td>\n",
       "      <td>0.717835</td>\n",
       "      <td>0.118618</td>\n",
       "    </tr>\n",
       "    <tr>\n",
       "      <th>sqft_above</th>\n",
       "      <td>-0.006447</td>\n",
       "      <td>0.611450</td>\n",
       "      <td>0.462514</td>\n",
       "      <td>0.692911</td>\n",
       "      <td>0.878989</td>\n",
       "      <td>0.180913</td>\n",
       "      <td>0.534801</td>\n",
       "      <td>0.064297</td>\n",
       "      <td>0.170286</td>\n",
       "      <td>-0.153713</td>\n",
       "      <td>0.756226</td>\n",
       "      <td>1.000000</td>\n",
       "      <td>-0.046926</td>\n",
       "      <td>0.426642</td>\n",
       "      <td>0.014654</td>\n",
       "      <td>-0.264223</td>\n",
       "      <td>0.002797</td>\n",
       "      <td>0.343715</td>\n",
       "      <td>0.726505</td>\n",
       "      <td>0.185507</td>\n",
       "    </tr>\n",
       "    <tr>\n",
       "      <th>sqft_basement</th>\n",
       "      <td>-0.003660</td>\n",
       "      <td>0.322369</td>\n",
       "      <td>0.301829</td>\n",
       "      <td>0.281433</td>\n",
       "      <td>0.435069</td>\n",
       "      <td>-0.000601</td>\n",
       "      <td>-0.242675</td>\n",
       "      <td>0.082214</td>\n",
       "      <td>0.277021</td>\n",
       "      <td>0.189828</td>\n",
       "      <td>0.174216</td>\n",
       "      <td>-0.046926</td>\n",
       "      <td>1.000000</td>\n",
       "      <td>-0.129559</td>\n",
       "      <td>0.063719</td>\n",
       "      <td>0.072077</td>\n",
       "      <td>0.109578</td>\n",
       "      <td>-0.145909</td>\n",
       "      <td>0.216220</td>\n",
       "      <td>-0.007685</td>\n",
       "    </tr>\n",
       "    <tr>\n",
       "      <th>yr_built</th>\n",
       "      <td>0.027053</td>\n",
       "      <td>0.051737</td>\n",
       "      <td>0.155102</td>\n",
       "      <td>0.499589</td>\n",
       "      <td>0.322723</td>\n",
       "      <td>0.054043</td>\n",
       "      <td>0.481926</td>\n",
       "      <td>-0.027010</td>\n",
       "      <td>-0.056361</td>\n",
       "      <td>-0.357396</td>\n",
       "      <td>0.447817</td>\n",
       "      <td>0.426642</td>\n",
       "      <td>-0.129559</td>\n",
       "      <td>1.000000</td>\n",
       "      <td>-0.228349</td>\n",
       "      <td>-0.353613</td>\n",
       "      <td>-0.157480</td>\n",
       "      <td>0.410001</td>\n",
       "      <td>0.326390</td>\n",
       "      <td>0.072152</td>\n",
       "    </tr>\n",
       "    <tr>\n",
       "      <th>yr_renovated</th>\n",
       "      <td>-0.024900</td>\n",
       "      <td>0.120439</td>\n",
       "      <td>0.018625</td>\n",
       "      <td>0.044756</td>\n",
       "      <td>0.043627</td>\n",
       "      <td>0.001219</td>\n",
       "      <td>0.013655</td>\n",
       "      <td>0.101684</td>\n",
       "      <td>0.109750</td>\n",
       "      <td>-0.055525</td>\n",
       "      <td>0.013053</td>\n",
       "      <td>0.014654</td>\n",
       "      <td>0.063719</td>\n",
       "      <td>-0.228349</td>\n",
       "      <td>1.000000</td>\n",
       "      <td>0.066908</td>\n",
       "      <td>0.035174</td>\n",
       "      <td>-0.073070</td>\n",
       "      <td>-0.003618</td>\n",
       "      <td>-0.007260</td>\n",
       "    </tr>\n",
       "    <tr>\n",
       "      <th>zipcode</th>\n",
       "      <td>-0.012130</td>\n",
       "      <td>-0.055619</td>\n",
       "      <td>-0.148339</td>\n",
       "      <td>-0.201454</td>\n",
       "      <td>-0.203761</td>\n",
       "      <td>-0.126091</td>\n",
       "      <td>-0.064479</td>\n",
       "      <td>0.023656</td>\n",
       "      <td>0.075834</td>\n",
       "      <td>0.003410</td>\n",
       "      <td>-0.187340</td>\n",
       "      <td>-0.264223</td>\n",
       "      <td>0.072077</td>\n",
       "      <td>-0.353613</td>\n",
       "      <td>0.066908</td>\n",
       "      <td>1.000000</td>\n",
       "      <td>0.271886</td>\n",
       "      <td>-0.560433</td>\n",
       "      <td>-0.279658</td>\n",
       "      <td>-0.142375</td>\n",
       "    </tr>\n",
       "    <tr>\n",
       "      <th>lat</th>\n",
       "      <td>0.009167</td>\n",
       "      <td>0.299191</td>\n",
       "      <td>-0.010547</td>\n",
       "      <td>0.018453</td>\n",
       "      <td>0.054830</td>\n",
       "      <td>-0.092245</td>\n",
       "      <td>0.044827</td>\n",
       "      <td>-0.009410</td>\n",
       "      <td>0.005503</td>\n",
       "      <td>-0.017622</td>\n",
       "      <td>0.107977</td>\n",
       "      <td>0.002797</td>\n",
       "      <td>0.109578</td>\n",
       "      <td>-0.157480</td>\n",
       "      <td>0.035174</td>\n",
       "      <td>0.271886</td>\n",
       "      <td>1.000000</td>\n",
       "      <td>-0.133265</td>\n",
       "      <td>0.052126</td>\n",
       "      <td>-0.094620</td>\n",
       "    </tr>\n",
       "    <tr>\n",
       "      <th>long</th>\n",
       "      <td>0.034395</td>\n",
       "      <td>0.023718</td>\n",
       "      <td>0.117168</td>\n",
       "      <td>0.217697</td>\n",
       "      <td>0.240170</td>\n",
       "      <td>0.224524</td>\n",
       "      <td>0.134683</td>\n",
       "      <td>-0.039227</td>\n",
       "      <td>-0.074630</td>\n",
       "      <td>-0.106514</td>\n",
       "      <td>0.201114</td>\n",
       "      <td>0.343715</td>\n",
       "      <td>-0.145909</td>\n",
       "      <td>0.410001</td>\n",
       "      <td>-0.073070</td>\n",
       "      <td>-0.560433</td>\n",
       "      <td>-0.133265</td>\n",
       "      <td>1.000000</td>\n",
       "      <td>0.327811</td>\n",
       "      <td>0.248391</td>\n",
       "    </tr>\n",
       "    <tr>\n",
       "      <th>sqft_living15</th>\n",
       "      <td>-0.001315</td>\n",
       "      <td>0.584829</td>\n",
       "      <td>0.376457</td>\n",
       "      <td>0.566076</td>\n",
       "      <td>0.758081</td>\n",
       "      <td>0.145285</td>\n",
       "      <td>0.289238</td>\n",
       "      <td>0.097196</td>\n",
       "      <td>0.292435</td>\n",
       "      <td>-0.080423</td>\n",
       "      <td>0.717835</td>\n",
       "      <td>0.726505</td>\n",
       "      <td>0.216220</td>\n",
       "      <td>0.326390</td>\n",
       "      <td>-0.003618</td>\n",
       "      <td>-0.279658</td>\n",
       "      <td>0.052126</td>\n",
       "      <td>0.327811</td>\n",
       "      <td>1.000000</td>\n",
       "      <td>0.185966</td>\n",
       "    </tr>\n",
       "    <tr>\n",
       "      <th>sqft_lot15</th>\n",
       "      <td>-0.137562</td>\n",
       "      <td>0.077960</td>\n",
       "      <td>0.018149</td>\n",
       "      <td>0.068722</td>\n",
       "      <td>0.163545</td>\n",
       "      <td>0.719922</td>\n",
       "      <td>-0.013269</td>\n",
       "      <td>0.028499</td>\n",
       "      <td>0.079904</td>\n",
       "      <td>0.002253</td>\n",
       "      <td>0.118618</td>\n",
       "      <td>0.185507</td>\n",
       "      <td>-0.007685</td>\n",
       "      <td>0.072152</td>\n",
       "      <td>-0.007260</td>\n",
       "      <td>-0.142375</td>\n",
       "      <td>-0.094620</td>\n",
       "      <td>0.248391</td>\n",
       "      <td>0.185966</td>\n",
       "      <td>1.000000</td>\n",
       "    </tr>\n",
       "  </tbody>\n",
       "</table>\n",
       "</div>"
      ],
      "text/plain": [
       "                     id     price  bedrooms  bathrooms  sqft_living  sqft_lot  \\\n",
       "id             1.000000 -0.006011 -0.002571   0.005821    -0.007559 -0.130303   \n",
       "price         -0.006011  1.000000  0.300777   0.527512     0.705044  0.094146   \n",
       "bedrooms      -0.002571  0.300777  1.000000   0.506070     0.560989  0.028895   \n",
       "bathrooms      0.005821  0.527512  0.506070   1.000000     0.758930  0.079435   \n",
       "sqft_living   -0.007559  0.705044  0.560989   0.758930     1.000000  0.162786   \n",
       "sqft_lot      -0.130303  0.094146  0.028895   0.079435     0.162786  1.000000   \n",
       "floors         0.007793  0.262955  0.181042   0.501899     0.366219 -0.003543   \n",
       "waterfront     0.000834  0.274953 -0.006803   0.061483     0.097203  0.029420   \n",
       "view           0.023355  0.399711  0.079863   0.182988     0.285735  0.099221   \n",
       "condition     -0.015321  0.044754  0.036135  -0.115382    -0.047938 -0.008722   \n",
       "grade          0.012491  0.665594  0.342305   0.660925     0.764819  0.115611   \n",
       "sqft_above    -0.006447  0.611450  0.462514   0.692911     0.878989  0.180913   \n",
       "sqft_basement -0.003660  0.322369  0.301829   0.281433     0.435069 -0.000601   \n",
       "yr_built       0.027053  0.051737  0.155102   0.499589     0.322723  0.054043   \n",
       "yr_renovated  -0.024900  0.120439  0.018625   0.044756     0.043627  0.001219   \n",
       "zipcode       -0.012130 -0.055619 -0.148339  -0.201454    -0.203761 -0.126091   \n",
       "lat            0.009167  0.299191 -0.010547   0.018453     0.054830 -0.092245   \n",
       "long           0.034395  0.023718  0.117168   0.217697     0.240170  0.224524   \n",
       "sqft_living15 -0.001315  0.584829  0.376457   0.566076     0.758081  0.145285   \n",
       "sqft_lot15    -0.137562  0.077960  0.018149   0.068722     0.163545  0.719922   \n",
       "\n",
       "                 floors  waterfront      view  condition     grade  \\\n",
       "id             0.007793    0.000834  0.023355  -0.015321  0.012491   \n",
       "price          0.262955    0.274953  0.399711   0.044754  0.665594   \n",
       "bedrooms       0.181042   -0.006803  0.079863   0.036135  0.342305   \n",
       "bathrooms      0.501899    0.061483  0.182988  -0.115382  0.660925   \n",
       "sqft_living    0.366219    0.097203  0.285735  -0.047938  0.764819   \n",
       "sqft_lot      -0.003543    0.029420  0.099221  -0.008722  0.115611   \n",
       "floors         1.000000    0.022443  0.031938  -0.265390  0.461545   \n",
       "waterfront     0.022443    1.000000  0.402725   0.024030  0.088039   \n",
       "view           0.031938    0.402725  1.000000   0.059969  0.258123   \n",
       "condition     -0.265390    0.024030  0.059969   1.000000 -0.133313   \n",
       "grade          0.461545    0.088039  0.258123  -0.133313  1.000000   \n",
       "sqft_above     0.534801    0.064297  0.170286  -0.153713  0.756226   \n",
       "sqft_basement -0.242675    0.082214  0.277021   0.189828  0.174216   \n",
       "yr_built       0.481926   -0.027010 -0.056361  -0.357396  0.447817   \n",
       "yr_renovated   0.013655    0.101684  0.109750  -0.055525  0.013053   \n",
       "zipcode       -0.064479    0.023656  0.075834   0.003410 -0.187340   \n",
       "lat            0.044827   -0.009410  0.005503  -0.017622  0.107977   \n",
       "long           0.134683   -0.039227 -0.074630  -0.106514  0.201114   \n",
       "sqft_living15  0.289238    0.097196  0.292435  -0.080423  0.717835   \n",
       "sqft_lot15    -0.013269    0.028499  0.079904   0.002253  0.118618   \n",
       "\n",
       "               sqft_above  sqft_basement  yr_built  yr_renovated   zipcode  \\\n",
       "id              -0.006447      -0.003660  0.027053     -0.024900 -0.012130   \n",
       "price            0.611450       0.322369  0.051737      0.120439 -0.055619   \n",
       "bedrooms         0.462514       0.301829  0.155102      0.018625 -0.148339   \n",
       "bathrooms        0.692911       0.281433  0.499589      0.044756 -0.201454   \n",
       "sqft_living      0.878989       0.435069  0.322723      0.043627 -0.203761   \n",
       "sqft_lot         0.180913      -0.000601  0.054043      0.001219 -0.126091   \n",
       "floors           0.534801      -0.242675  0.481926      0.013655 -0.064479   \n",
       "waterfront       0.064297       0.082214 -0.027010      0.101684  0.023656   \n",
       "view             0.170286       0.277021 -0.056361      0.109750  0.075834   \n",
       "condition       -0.153713       0.189828 -0.357396     -0.055525  0.003410   \n",
       "grade            0.756226       0.174216  0.447817      0.013053 -0.187340   \n",
       "sqft_above       1.000000      -0.046926  0.426642      0.014654 -0.264223   \n",
       "sqft_basement   -0.046926       1.000000 -0.129559      0.063719  0.072077   \n",
       "yr_built         0.426642      -0.129559  1.000000     -0.228349 -0.353613   \n",
       "yr_renovated     0.014654       0.063719 -0.228349      1.000000  0.066908   \n",
       "zipcode         -0.264223       0.072077 -0.353613      0.066908  1.000000   \n",
       "lat              0.002797       0.109578 -0.157480      0.035174  0.271886   \n",
       "long             0.343715      -0.145909  0.410001     -0.073070 -0.560433   \n",
       "sqft_living15    0.726505       0.216220  0.326390     -0.003618 -0.279658   \n",
       "sqft_lot15       0.185507      -0.007685  0.072152     -0.007260 -0.142375   \n",
       "\n",
       "                    lat      long  sqft_living15  sqft_lot15  \n",
       "id             0.009167  0.034395      -0.001315   -0.137562  \n",
       "price          0.299191  0.023718       0.584829    0.077960  \n",
       "bedrooms      -0.010547  0.117168       0.376457    0.018149  \n",
       "bathrooms      0.018453  0.217697       0.566076    0.068722  \n",
       "sqft_living    0.054830  0.240170       0.758081    0.163545  \n",
       "sqft_lot      -0.092245  0.224524       0.145285    0.719922  \n",
       "floors         0.044827  0.134683       0.289238   -0.013269  \n",
       "waterfront    -0.009410 -0.039227       0.097196    0.028499  \n",
       "view           0.005503 -0.074630       0.292435    0.079904  \n",
       "condition     -0.017622 -0.106514      -0.080423    0.002253  \n",
       "grade          0.107977  0.201114       0.717835    0.118618  \n",
       "sqft_above     0.002797  0.343715       0.726505    0.185507  \n",
       "sqft_basement  0.109578 -0.145909       0.216220   -0.007685  \n",
       "yr_built      -0.157480  0.410001       0.326390    0.072152  \n",
       "yr_renovated   0.035174 -0.073070      -0.003618   -0.007260  \n",
       "zipcode        0.271886 -0.560433      -0.279658   -0.142375  \n",
       "lat            1.000000 -0.133265       0.052126   -0.094620  \n",
       "long          -0.133265  1.000000       0.327811    0.248391  \n",
       "sqft_living15  0.052126  0.327811       1.000000    0.185966  \n",
       "sqft_lot15    -0.094620  0.248391       0.185966    1.000000  "
      ]
     },
     "execution_count": 5,
     "metadata": {},
     "output_type": "execute_result"
    }
   ],
   "source": [
    "prize.corr()"
   ]
  },
  {
   "cell_type": "code",
   "execution_count": 31,
   "metadata": {
    "collapsed": true
   },
   "outputs": [
    {
     "data": {
      "text/plain": [
       "21      1350000.0\n",
       "100      655000.0\n",
       "132     3080000.0\n",
       "207      705000.0\n",
       "297     3070000.0\n",
       "          ...    \n",
       "8549    1680000.0\n",
       "8559     380000.0\n",
       "8677     615000.0\n",
       "9399    2300000.0\n",
       "9736    3570000.0\n",
       "Name: price, Length: 82, dtype: float64"
      ]
     },
     "execution_count": 31,
     "metadata": {},
     "output_type": "execute_result"
    }
   ],
   "source": [
    "# Finding rows base on values\n",
    "wf = prize.loc[prize['waterfront']==1,'price']\n",
    "wf\n",
    "# So this is an outlier as this house is of only 1 floors and with 1620sqft living"
   ]
  },
  {
   "cell_type": "code",
   "execution_count": 34,
   "metadata": {},
   "outputs": [
    {
     "data": {
      "text/plain": [
       "285000.0"
      ]
     },
     "execution_count": 34,
     "metadata": {},
     "output_type": "execute_result"
    }
   ],
   "source": [
    "min(wf)"
   ]
  },
  {
   "cell_type": "code",
   "execution_count": 20,
   "metadata": {},
   "outputs": [
    {
     "data": {
      "text/html": [
       "<div>\n",
       "<style scoped>\n",
       "    .dataframe tbody tr th:only-of-type {\n",
       "        vertical-align: middle;\n",
       "    }\n",
       "\n",
       "    .dataframe tbody tr th {\n",
       "        vertical-align: top;\n",
       "    }\n",
       "\n",
       "    .dataframe thead th {\n",
       "        text-align: right;\n",
       "    }\n",
       "</style>\n",
       "<table border=\"1\" class=\"dataframe\">\n",
